articular
-447.000,-102.000,377.250,180.00,0.00,0.00,80,0.000
-446.974,-97.247,377.500,180.00,0.00,0.00,80,0.000
-447.401,-92.490,377.750,180.00,0.00,0.00,80,0.000
-448.282,-87.771,378.000,180.00,0.00,0.00,80,0.000
-449.612,-83.134,378.250,180.00,0.00,0.00,80,0.000
-451.386,-78.622,378.500,180.00,0.00,0.00,80,0.000
-453.589,-74.277,378.750,180.00,0.00,0.00,80,0.000
-456.208,-70.141,379.000,180.00,0.00,0.00,80,0.000
-459.221,-66.253,379.250,180.00,0.00,0.00,80,0.000
-462.606,-62.651,379.500,180.00,0.00,0.00,80,0.000
-466.335,-59.371,379.750,180.00,0.00,0.00,80,0.000
-470.378,-56.445,380.000,180.00,0.00,0.00,80,0.000
-474.700,-53.903,380.250,180.00,0.00,0.00,80,0.000
-479.266,-51.773,380.500,180.00,0.00,0.00,80,0.000
-484.035,-50.077,380.750,180.00,0.00,0.00,80,0.000
-488.966,-48.835,381.000,180.00,0.00,0.00,80,0.000
-494.017,-48.062,381.250,180.00,0.00,0.00,80,0.000
-499.141,-47.771,381.500,180.00,0.00,0.00,80,0.000
-504.294,-47.968,381.750,180.00,0.00,0.00,80,0.000
-509.429,-48.655,382.000,180.00,0.00,0.00,80,0.000
-514.499,-49.831,382.250,180.00,0.00,0.00,80,0.000
-519.456,-51.491,382.500,180.00,0.00,0.00,80,0.000
-524.256,-53.622,382.750,180.00,0.00,0.00,80,0.000
-528.853,-56.211,383.000,180.00,0.00,0.00,80,0.000
-533.203,-59.237,383.250,180.00,0.00,0.00,80,0.000
-537.265,-62.677,383.500,180.00,0.00,0.00,80,0.000
-541.000,-66.504,383.750,180.00,0.00,0.00,80,0.000
-544.369,-70.686,384.000,180.00,0.00,0.00,80,0.000
-547.340,-75.188,384.250,180.00,0.00,0.00,80,0.000
-549.882,-79.973,384.500,180.00,0.00,0.00,80,0.000
-551.969,-84.999,384.750,180.00,0.00,0.00,80,0.000
-553.576,-90.223,385.000,180.00,0.00,0.00,80,0.000
-554.686,-95.599,385.250,180.00,0.00,0.00,80,0.000
-555.284,-101.080,385.500,180.00,0.00,0.00,80,0.000
-555.360,-106.616,385.750,180.00,0.00,0.00,80,0.000
-554.910,-112.159,386.000,180.00,0.00,0.00,80,0.000
-553.932,-117.657,386.250,180.00,0.00,0.00,80,0.000
-552.430,-123.060,386.500,180.00,0.00,0.00,80,0.000
-550.415,-128.320,386.750,180.00,0.00,0.00,80,0.000
-547.901,-133.386,387.000,180.00,0.00,0.00,80,0.000
-544.904,-138.211,387.250,180.00,0.00,0.00,80,0.000
-541.450,-142.749,387.500,180.00,0.00,0.00,80,0.000
-537.565,-146.957,387.750,180.00,0.00,0.00,80,0.000
-533.281,-150.794,388.000,180.00,0.00,0.00,80,0.000
-528.634,-154.221,388.250,180.00,0.00,0.00,80,0.000
-523.662,-157.205,388.500,180.00,0.00,0.00,80,0.000
-518.409,-159.715,388.750,180.00,0.00,0.00,80,0.000
-512.919,-161.724,389.000,180.00,0.00,0.00,80,0.000
-507.240,-163.210,389.250,180.00,0.00,0.00,80,0.000
-501.423,-164.154,389.500,180.00,0.00,0.00,80,0.000
-495.519,-164.545,389.750,180.00,0.00,0.00,80,0.000
-489.580,-164.374,390.000,180.00,0.00,0.00,80,0.000
-483.661,-163.638,390.250,180.00,0.00,0.00,80,0.000
-477.815,-162.340,390.500,180.00,0.00,0.00,80,0.000
-472.095,-160.486,390.750,180.00,0.00,0.00,80,0.000
-466.556,-158.089,391.000,180.00,0.00,0.00,80,0.000
-461.247,-155.167,391.250,180.00,0.00,0.00,80,0.000
-456.219,-151.741,391.500,180.00,0.00,0.00,80,0.000
-451.521,-147.840,391.750,180.00,0.00,0.00,80,0.000
-447.196,-143.494,392.000,180.00,0.00,0.00,80,0.000
-443.287,-138.739,392.250,180.00,0.00,0.00,80,0.000
-439.834,-133.616,392.500,180.00,0.00,0.00,80,0.000
-436.869,-128.168,392.750,180.00,0.00,0.00,80,0.000
-434.425,-122.441,393.000,180.00,0.00,0.00,80,0.000
-432.527,-116.486,393.250,180.00,0.00,0.00,80,0.000
-431.197,-110.355,393.500,180.00,0.00,0.00,80,0.000
-430.450,-104.102,393.750,180.00,0.00,0.00,80,0.000
-430.299,-97.782,394.000,180.00,0.00,0.00,80,0.000
-430.749,-91.453,394.250,180.00,0.00,0.00,80,0.000
-431.800,-85.172,394.500,180.00,0.00,0.00,80,0.000
-433.448,-78.995,394.750,180.00,0.00,0.00,80,0.000
-435.681,-72.980,395.000,180.00,0.00,0.00,80,0.000
-438.485,-67.182,395.250,180.00,0.00,0.00,80,0.000
-441.838,-61.655,395.500,180.00,0.00,0.00,80,0.000
-445.713,-56.452,395.750,180.00,0.00,0.00,80,0.000
-450.079,-51.622,396.000,180.00,0.00,0.00,80,0.000
-454.901,-47.211,396.250,180.00,0.00,0.00,80,0.000
-460.138,-43.262,396.500,180.00,0.00,0.00,80,0.000
-465.746,-39.814,396.750,180.00,0.00,0.00,80,0.000
-471.677,-36.903,397.000,180.00,0.00,0.00,80,0.000
-477.879,-34.558,397.250,180.00,0.00,0.00,80,0.000
-484.298,-32.804,397.500,180.00,0.00,0.00,80,0.000
-490.877,-31.663,397.750,180.00,0.00,0.00,80,0.000
-497.559,-31.148,398.000,180.00,0.00,0.00,80,0.000
-504.284,-31.269,398.250,180.00,0.00,0.00,80,0.000
-510.990,-32.028,398.500,180.00,0.00,0.00,80,0.000
-517.618,-33.424,398.750,180.00,0.00,0.00,80,0.000
-524.106,-35.449,399.000,180.00,0.00,0.00,80,0.000
-530.395,-38.088,399.250,180.00,0.00,0.00,80,0.000
-536.427,-41.323,399.500,180.00,0.00,0.00,80,0.000
-542.145,-45.127,399.750,180.00,0.00,0.00,80,0.000
-547.496,-49.471,400.000,180.00,0.00,0.00,80,0.000
-552.429,-54.318,400.250,180.00,0.00,0.00,80,0.000
-556.895,-59.629,400.500,180.00,0.00,0.00,80,0.000
-560.852,-65.359,400.750,180.00,0.00,0.00,80,0.000
-564.260,-71.458,401.000,180.00,0.00,0.00,80,0.000
-567.085,-77.875,401.250,180.00,0.00,0.00,80,0.000
-569.296,-84.553,401.500,180.00,0.00,0.00,80,0.000
-570.871,-91.433,401.750,180.00,0.00,0.00,80,0.000
-571.790,-98.455,402.000,180.00,0.00,0.00,80,0.000
-572.041,-105.557,402.250,180.00,0.00,0.00,80,0.000
-571.617,-112.674,402.500,180.00,0.00,0.00,80,0.000
-570.518,-119.742,402.750,180.00,0.00,0.00,80,0.000
-568.748,-126.698,403.000,180.00,0.00,0.00,80,0.000
-566.319,-133.477,403.250,180.00,0.00,0.00,80,0.000
-563.249,-140.017,403.500,180.00,0.00,0.00,80,0.000
-559.561,-146.257,403.750,180.00,0.00,0.00,80,0.000
-555.286,-152.140,404.000,180.00,0.00,0.00,80,0.000
-550.456,-157.609,404.250,180.00,0.00,0.00,80,0.000
-545.113,-162.612,404.500,180.00,0.00,0.00,80,0.000
-539.302,-167.102,404.750,180.00,0.00,0.00,80,0.000
-533.071,-171.034,405.000,180.00,0.00,0.00,80,0.000
-526.475,-174.368,405.250,180.00,0.00,0.00,80,0.000
-519.571,-177.072,405.500,180.00,0.00,0.00,80,0.000
-512.419,-179.117,405.750,180.00,0.00,0.00,80,0.000
-505.082,-180.479,406.000,180.00,0.00,0.00,80,0.000
-497.625,-181.143,406.250,180.00,0.00,0.00,80,0.000
-490.115,-181.098,406.500,180.00,0.00,0.00,80,0.000
-482.619,-180.339,406.750,180.00,0.00,0.00,80,0.000
-475.206,-178.870,407.000,180.00,0.00,0.00,80,0.000
-467.942,-176.698,407.250,180.00,0.00,0.00,80,0.000
-460.895,-173.839,407.500,180.00,0.00,0.00,80,0.000
-454.128,-170.315,407.750,180.00,0.00,0.00,80,0.000
-447.706,-166.153,408.000,180.00,0.00,0.00,80,0.000
-441.688,-161.388,408.250,180.00,0.00,0.00,80,0.000
-436.132,-156.057,408.500,180.00,0.00,0.00,80,0.000
-431.089,-150.206,408.750,180.00,0.00,0.00,80,0.000
-426.609,-143.884,409.000,180.00,0.00,0.00,80,0.000
-422.736,-137.147,409.250,180.00,0.00,0.00,80,0.000
-419.509,-130.051,409.500,180.00,0.00,0.00,80,0.000
-416.960,-122.659,409.750,180.00,0.00,0.00,80,0.000
-415.117,-115.035,410.000,180.00,0.00,0.00,80,0.000
-414.000,-107.248,410.250,180.00,0.00,0.00,80,0.000
-413.624,-99.367,410.500,180.00,0.00,0.00,80,0.000
-413.998,-91.461,410.750,180.00,0.00,0.00,80,0.000
-415.122,-83.603,411.000,180.00,0.00,0.00,80,0.000
-416.990,-75.863,411.250,180.00,0.00,0.00,80,0.000
-419.590,-68.313,411.500,180.00,0.00,0.00,80,0.000
-422.903,-61.021,411.750,180.00,0.00,0.00,80,0.000
-426.904,-54.055,412.000,180.00,0.00,0.00,80,0.000
-431.560,-47.479,412.250,180.00,0.00,0.00,80,0.000
-436.833,-41.356,412.500,180.00,0.00,0.00,80,0.000
-442.679,-35.743,412.750,180.00,0.00,0.00,80,0.000
-449.049,-30.694,413.000,180.00,0.00,0.00,80,0.000
-455.888,-26.257,413.250,180.00,0.00,0.00,80,0.000
-463.138,-22.477,413.500,180.00,0.00,0.00,80,0.000
-470.734,-19.392,413.750,180.00,0.00,0.00,80,0.000
-478.612,-17.032,414.000,180.00,0.00,0.00,80,0.000
-486.701,-15.424,414.250,180.00,0.00,0.00,80,0.000
-494.930,-14.587,414.500,180.00,0.00,0.00,80,0.000
-503.224,-14.533,414.750,180.00,0.00,0.00,80,0.000
-511.510,-15.266,415.000,180.00,0.00,0.00,80,0.000
-519.713,-16.784,415.250,180.00,0.00,0.00,80,0.000
-527.759,-19.079,415.500,180.00,0.00,0.00,80,0.000
-535.573,-22.133,415.750,180.00,0.00,0.00,80,0.000
-543.084,-25.925,416.000,180.00,0.00,0.00,80,0.000
-550.222,-30.423,416.250,180.00,0.00,0.00,80,0.000
-556.922,-35.591,416.500,180.00,0.00,0.00,80,0.000
-563.119,-41.386,416.750,180.00,0.00,0.00,80,0.000
-568.756,-47.760,417.000,180.00,0.00,0.00,80,0.000
-573.779,-54.658,417.250,180.00,0.00,0.00,80,0.000
-578.137,-62.021,417.500,180.00,0.00,0.00,80,0.000
-581.790,-69.785,417.750,180.00,0.00,0.00,80,0.000
-584.699,-77.882,418.000,180.00,0.00,0.00,80,0.000
-586.834,-86.241,418.250,180.00,0.00,0.00,80,0.000
-588.173,-94.788,418.500,180.00,0.00,0.00,80,0.000
-588.697,-103.448,418.750,180.00,0.00,0.00,80,0.000
-588.399,-112.142,419.000,180.00,0.00,0.00,80,0.000
-587.276,-120.792,419.250,180.00,0.00,0.00,80,0.000
-585.334,-129.320,419.500,180.00,0.00,0.00,80,0.000
-582.586,-137.649,419.750,180.00,0.00,0.00,80,0.000
-579.052,-145.702,420.000,180.00,0.00,0.00,80,0.000
-574.761,-153.405,420.250,180.00,0.00,0.00,80,0.000
-569.746,-160.687,420.500,180.00,0.00,0.00,80,0.000
-564.049,-167.480,420.750,180.00,0.00,0.00,80,0.000
-557.718,-173.720,421.000,180.00,0.00,0.00,80,0.000
-550.806,-179.347,421.250,180.00,0.00,0.00,80,0.000
-543.373,-184.308,421.500,180.00,0.00,0.00,80,0.000
-535.482,-188.555,421.750,180.00,0.00,0.00,80,0.000
-527.203,-192.044,422.000,180.00,0.00,0.00,80,0.000
-518.608,-194.742,422.250,180.00,0.00,0.00,80,0.000
-509.774,-196.619,422.500,180.00,0.00,0.00,80,0.000
-500.777,-197.654,422.750,180.00,0.00,0.00,80,0.000
-491.699,-197.833,423.000,180.00,0.00,0.00,80,0.000
-482.622,-197.151,423.250,180.00,0.00,0.00,80,0.000
-473.626,-195.608,423.500,180.00,0.00,0.00,80,0.000
-464.794,-193.215,423.750,180.00,0.00,0.00,80,0.000
-456.205,-189.988,424.000,180.00,0.00,0.00,80,0.000
-447.939,-185.952,424.250,180.00,0.00,0.00,80,0.000
-440.072,-181.139,424.500,180.00,0.00,0.00,80,0.000
-432.677,-175.590,424.750,180.00,0.00,0.00,80,0.000
-425.823,-169.349,425.000,180.00,0.00,0.00,80,0.000
-419.574,-162.470,425.250,180.00,0.00,0.00,80,0.000
-413.990,-155.011,425.500,180.00,0.00,0.00,80,0.000
-409.125,-147.037,425.750,180.00,0.00,0.00,80,0.000
-405.026,-138.617,426.000,180.00,0.00,0.00,80,0.000
-401.734,-129.824,426.250,180.00,0.00,0.00,80,0.000
-399.283,-120.737,426.500,180.00,0.00,0.00,80,0.000
-397.698,-111.434,426.750,180.00,0.00,0.00,80,0.000
-397.000,-102.000,427.000,180.00,0.00,0.00,80,0.000
